0 1
0.005 1.00141
0.01 1.00277
0.015 1.00408
0.02 1.00534
0.025 1.00655
0.03 1.00771
0.035 1.00882
0.04 1.00987
0.045 1.01088
0.05 1.01183
0.055 1.01272
0.06 1.01357
0.065 1.01436
0.07 1.0151
0.075 1.01579
0.08 1.01642
0.085 1.017
0.09 1.01752
0.095 1.01799
0.1 1.0184
0.105 1.01876
0.11 1.01907
0.115 1.01931
0.12 1.01951
0.125 1.01964
0.13 1.01973
0.135 1.01975
0.14 1.01972
0.145 1.01963
0.15 1.01948
0.155 1.01928
0.16 1.01902
0.165 1.0187
0.17 1.01832
0.175 1.01788
0.18 1.01739
0.185 1.01683
0.19 1.01622
0.195 1.01555
0.2 1.01482
0.205 1.01402
0.21 1.01317
0.215 1.01226
0.22 1.01129
0.225 1.01025
0.23 1.00916
0.235 1.008
0.24 1.00679
0.245 1.00551
0.25 1.00417
0.255 1.00276
0.26 1.0013
0.265 0.999768
0.27 0.998177
0.275 0.996523
0.28 0.994805
0.285 0.993024
0.29 0.991179
0.295 0.989269
0.3 0.987296
0.305 0.985258
0.31 0.983156
0.315 0.980988
0.32 0.978755
0.325 0.976457
0.33 0.974094
0.335 0.971664
0.34 0.969169
0.345 0.966607
0.35 0.963979
0.355 0.961284
0.36 0.958523
0.365 0.955694
0.37 0.952798
0.375 0.949835
0.38 0.946804
0.385 0.943705
0.39 0.940538
0.395 0.937302
0.4 0.933998
0.405 0.930626
0.41 0.927184
0.415 0.923673
0.42 0.920093
0.425 0.916444
0.43 0.912725
0.435 0.908936
0.44 0.905077
0.445 0.901148
0.45 0.897148
0.455 0.893078
0.46 0.888937
0.465 0.884725
0.47 0.880442
0.475 0.876087
0.48 0.871661
0.485 0.867163
0.49 0.862594
0.495 0.857952
0.5 0.853239
0.505 0.848452
0.51 0.843594
0.515 0.838663
0.52 0.833659
0.525 0.828582
0.53 0.823431
0.535 0.818208
0.54 0.812911
0.545 0.80754
0.55 0.802096
0.555 0.796578
0.56 0.790986
0.565 0.78532
0.57 0.779579
0.575 0.773764
0.58 0.767874
0.585 0.76191
0.59 0.755871
0.595 0.749757
0.6 0.743568
0.605 0.737303
0.61 0.730963
0.615 0.724548
0.62 0.718058
0.625 0.711491
0.63 0.704849
0.635 0.698132
0.64 0.691338
0.645 0.684468
0.65 0.677522
0.655 0.670499
0.66 0.663401
0.665 0.656226
0.67 0.648974
0.675 0.641646
0.68 0.634241
0.685 0.626759
0.69 0.619201
0.695 0.611566
0.7 0.603854
0.705 0.596064
0.71 0.588198
0.715 0.580255
0.72 0.572234
0.725 0.564136
0.73 0.555961
0.735 0.547709
0.74 0.539379
0.745 0.530972
0.75 0.522487
0.755 0.513925
0.76 0.505286
0.765 0.496569
0.77 0.487774
0.775 0.478902
0.78 0.469953
0.785 0.460925
0.79 0.451821
0.795 0.442639
0.8 0.433379
0.805 0.424042
0.81 0.414627
0.815 0.405135
0.82 0.395565
0.825 0.385918
0.83 0.376193
0.835 0.366391
0.84 0.356512
0.845 0.346555
0.85 0.336521
0.855 0.32641
0.86 0.316222
0.865 0.305956
0.87 0.295614
0.875 0.285195
0.88 0.274699
0.885 0.264125
0.89 0.253476
0.895 0.242749
0.9 0.231946
0.905 0.221067
0.91 0.210111
0.915 0.199079
0.92 0.187971
0.925 0.176787
0.93 0.165527
0.935 0.154192
0.94 0.14278
0.945 0.131293
0.95 0.119731
0.955 0.108094
0.96 0.0963813
0.965 0.084594
0.97 0.0727319
0.975 0.0607953
0.98 0.0487843
0.985 0.0366991
0.99 0.0245398
0.995 0.0123067
1 0
