0 1
0.005 1.00122
0.01 1.00238
0.015 1.0035
0.02 1.00456
0.025 1.00558
0.03 1.00654
0.035 1.00746
0.04 1.00832
0.045 1.00913
0.05 1.00989
0.055 1.01059
0.06 1.01125
0.065 1.01185
0.07 1.0124
0.075 1.0129
0.08 1.01335
0.085 1.01374
0.09 1.01408
0.095 1.01436
0.1 1.01459
0.105 1.01477
0.11 1.01489
0.115 1.01496
0.12 1.01498
0.125 1.01494
0.13 1.01484
0.135 1.01469
0.14 1.01449
0.145 1.01422
0.15 1.01391
0.155 1.01353
0.16 1.0131
0.165 1.01262
0.17 1.01208
0.175 1.01148
0.18 1.01082
0.185 1.01011
0.19 1.00934
0.195 1.00851
0.2 1.00762
0.205 1.00668
0.21 1.00568
0.215 1.00461
0.22 1.00349
0.225 1.00232
0.23 1.00108
0.235 0.999781
0.24 0.998424
0.245 0.997008
0.25 0.995531
0.255 0.993995
0.26 0.992398
0.265 0.990751
0.27 0.989044
0.275 0.987276
0.28 0.985447
0.285 0.983556
0.29 0.981603
0.295 0.979589
0.3 0.977513
0.305 0.975375
0.31 0.973174
0.315 0.970911
0.32 0.968585
0.325 0.966196
0.33 0.963744
0.335 0.961228
0.34 0.958649
0.345 0.956006
0.35 0.953299
0.355 0.950528
0.36 0.947692
0.365 0.944792
0.37 0.941827
0.375 0.938798
0.38 0.935703
0.385 0.932542
0.39 0.929316
0.395 0.926025
0.4 0.922667
0.405 0.919243
0.41 0.915753
0.415 0.912197
0.42 0.908574
0.425 0.904884
0.43 0.901126
0.435 0.897302
0.44 0.89341
0.445 0.889451
0.45 0.885423
0.455 0.881328
0.46 0.877165
0.465 0.872933
0.47 0.868633
0.475 0.864264
0.48 0.859826
0.485 0.85532
0.49 0.850744
0.495 0.846098
0.5 0.841383
0.505 0.836599
0.51 0.831744
0.515 0.826834
0.52 0.821855
0.525 0.816804
0.53 0.811683
0.535 0.806492
0.54 0.801229
0.545 0.795896
0.55 0.790491
0.555 0.785015
0.56 0.779468
0.565 0.773848
0.57 0.768157
0.575 0.762394
0.58 0.756559
0.585 0.750652
0.59 0.744672
0.595 0.73862
0.6 0.732495
0.605 0.726297
0.61 0.720026
0.615 0.713682
0.62 0.707265
0.625 0.700775
0.63 0.694211
0.635 0.687573
0.64 0.680862
0.645 0.674077
0.65 0.667218
0.655 0.660285
0.66 0.653277
0.665 0.646196
0.67 0.63904
0.675 0.631809
0.68 0.624504
0.685 0.617125
0.69 0.60967
0.695 0.60214
0.7 0.594536
0.705 0.586856
0.71 0.579102
0.715 0.571272
0.72 0.563366
0.725 0.555386
0.73 0.547329
0.735 0.539198
0.74 0.53099
0.745 0.522707
0.75 0.514349
0.755 0.505914
0.76 0.497404
0.765 0.488828
0.77 0.480176
0.775 0.471448
0.78 0.462644
0.785 0.453764
0.79 0.444807
0.795 0.435775
0.8 0.426666
0.805 0.417481
0.81 0.40822
0.815 0.398883
0.82 0.389469
0.825 0.379979
0.83 0.370413
0.835 0.36077
0.84 0.351052
0.845 0.341256
0.85 0.331385
0.855 0.321437
0.86 0.311413
0.865 0.301313
0.87 0.291137
0.875 0.280884
0.88 0.270555
0.885 0.26015
0.89 0.249669
0.895 0.239113
0.9 0.22848
0.905 0.217771
0.91 0.206986
0.915 0.196126
0.92 0.18519
0.925 0.174179
0.93 0.163091
0.935 0.151929
0.94 0.140691
0.945 0.129378
0.95 0.117989
0.955 0.106526
0.96 0.0949879
0.965 0.0833748
0.97 0.0716871
0.975 0.0599248
0.98 0.0480881
0.985 0.0361771
0.99 0.024192
0.995 0.0121329
1 0
